{
 "cells": [
  {
   "cell_type": "code",
   "execution_count": 1,
   "metadata": {
    "scrolled": true
   },
   "outputs": [],
   "source": [
    "import sys\n",
    "sys.path.append(\"../python/\")\n",
    "\n",
    "from sklearn import datasets\n",
    "from iris.model.svm import IrisSVM\n",
    "from iris.api import IrisAPI\n",
    "from iris.settings import settings"
   ]
  },
  {
   "cell_type": "markdown",
   "metadata": {},
   "source": [
    "## Train model and save weights"
   ]
  },
  {
   "cell_type": "markdown",
   "metadata": {},
   "source": [
    "#### Load data"
   ]
  },
  {
   "cell_type": "code",
   "execution_count": 2,
   "metadata": {},
   "outputs": [],
   "source": [
    "iris = datasets.load_iris()\n",
    "X, y = iris.data, iris.target"
   ]
  },
  {
   "cell_type": "code",
   "execution_count": 3,
   "metadata": {},
   "outputs": [
    {
     "data": {
      "text/plain": [
       "((150, 4), (150,))"
      ]
     },
     "execution_count": 3,
     "metadata": {},
     "output_type": "execute_result"
    }
   ],
   "source": [
    "X.shape, y.shape"
   ]
  },
  {
   "cell_type": "code",
   "execution_count": 4,
   "metadata": {},
   "outputs": [
    {
     "data": {
      "text/plain": [
       "(array([5.1, 3.5, 1.4, 0.2]), 0)"
      ]
     },
     "execution_count": 4,
     "metadata": {},
     "output_type": "execute_result"
    }
   ],
   "source": [
    "X[0], y[0]"
   ]
  },
  {
   "cell_type": "markdown",
   "metadata": {},
   "source": [
    "#### Train model"
   ]
  },
  {
   "cell_type": "code",
   "execution_count": 5,
   "metadata": {},
   "outputs": [],
   "source": [
    "MODEL_PATH = settings[\"dumps\"][\"iris_svm_model_path\"]\n",
    "\n",
    "model = IrisSVM()\n",
    "model.fit(X, y)\n",
    "model.save(MODEL_PATH)"
   ]
  },
  {
   "cell_type": "markdown",
   "metadata": {},
   "source": [
    "#### Load model"
   ]
  },
  {
   "cell_type": "code",
   "execution_count": 6,
   "metadata": {},
   "outputs": [],
   "source": [
    "model_load = IrisSVM()\n",
    "model_load.load(MODEL_PATH)"
   ]
  },
  {
   "cell_type": "markdown",
   "metadata": {},
   "source": [
    "#### Predict with the loaded model"
   ]
  },
  {
   "cell_type": "code",
   "execution_count": 7,
   "metadata": {},
   "outputs": [
    {
     "data": {
      "text/plain": [
       "array([[9.77656808e-01, 1.41689216e-02, 8.17427016e-03],\n",
       "       [9.69534314e-01, 2.12641072e-02, 9.20157855e-03],\n",
       "       [9.78761725e-01, 1.32836949e-02, 7.95458035e-03],\n",
       "       [9.68975599e-01, 2.14191814e-02, 9.60521933e-03],\n",
       "       [9.79548816e-01, 1.25096383e-02, 7.94154590e-03],\n",
       "       [9.60916231e-01, 2.68881053e-02, 1.21956639e-02],\n",
       "       [9.77194308e-01, 1.43157477e-02, 8.48994424e-03],\n",
       "       [9.72956972e-01, 1.81517096e-02, 8.89131828e-03],\n",
       "       [9.69372974e-01, 2.07477444e-02, 9.87928197e-03],\n",
       "       [9.69228171e-01, 2.15132105e-02, 9.25861826e-03],\n",
       "       [9.73475472e-01, 1.71853244e-02, 9.33920374e-03],\n",
       "       [9.69609946e-01, 2.08290385e-02, 9.56101588e-03],\n",
       "       [9.72396893e-01, 1.87573202e-02, 8.84578676e-03],\n",
       "       [9.82170804e-01, 9.92003020e-03, 7.90916629e-03],\n",
       "       [9.79867496e-01, 1.10395773e-02, 9.09292686e-03],\n",
       "       [9.71090587e-01, 1.67041802e-02, 1.22052325e-02],\n",
       "       [9.78960152e-01, 1.23211087e-02, 8.71873972e-03],\n",
       "       [9.75971386e-01, 1.55159636e-02, 8.51265055e-03],\n",
       "       [9.55058172e-01, 3.18089442e-02, 1.31328834e-02],\n",
       "       [9.76104186e-01, 1.49349013e-02, 8.96091268e-03],\n",
       "       [9.53833255e-01, 3.44002101e-02, 1.17665352e-02],\n",
       "       [9.72846911e-01, 1.77094808e-02, 9.44360845e-03],\n",
       "       [9.87804518e-01, 5.78109714e-03, 6.41438474e-03],\n",
       "       [9.44455310e-01, 4.26560039e-02, 1.28886866e-02],\n",
       "       [9.45614699e-01, 4.13777275e-02, 1.30075740e-02],\n",
       "       [9.54722643e-01, 3.42605863e-02, 1.10167707e-02],\n",
       "       [9.61929215e-01, 2.74042541e-02, 1.06665311e-02],\n",
       "       [9.72775760e-01, 1.81824762e-02, 9.04176400e-03],\n",
       "       [9.75254169e-01, 1.62400778e-02, 8.50575306e-03],\n",
       "       [9.65296381e-01, 2.46184297e-02, 1.00851893e-02],\n",
       "       [9.61266879e-01, 2.82991436e-02, 1.04339778e-02],\n",
       "       [9.62297003e-01, 2.70074434e-02, 1.06955534e-02],\n",
       "       [9.80278051e-01, 1.10853452e-02, 8.63660346e-03],\n",
       "       [9.79443963e-01, 1.13278342e-02, 9.22820317e-03],\n",
       "       [9.66820537e-01, 2.35767187e-02, 9.60274427e-03],\n",
       "       [9.80254061e-01, 1.21913019e-02, 7.55463701e-03],\n",
       "       [9.76865339e-01, 1.46057464e-02, 8.52891487e-03],\n",
       "       [9.81296690e-01, 1.10946960e-02, 7.60861361e-03],\n",
       "       [9.75804802e-01, 1.53419514e-02, 8.85324626e-03],\n",
       "       [9.71995324e-01, 1.89732334e-02, 9.03144274e-03],\n",
       "       [9.79941376e-01, 1.22587159e-02, 7.79990780e-03],\n",
       "       [9.48258003e-01, 3.86412092e-02, 1.31007879e-02],\n",
       "       [9.79134215e-01, 1.25978168e-02, 8.26796800e-03],\n",
       "       [9.57401567e-01, 3.08788931e-02, 1.17195400e-02],\n",
       "       [9.46804016e-01, 3.91583615e-02, 1.40376229e-02],\n",
       "       [9.67911274e-01, 2.25515164e-02, 9.53720927e-03],\n",
       "       [9.73928562e-01, 1.66984682e-02, 9.37297012e-03],\n",
       "       [9.75655823e-01, 1.57531198e-02, 8.59105767e-03],\n",
       "       [9.74709440e-01, 1.62379431e-02, 9.05261717e-03],\n",
       "       [9.75342682e-01, 1.62522806e-02, 8.40503691e-03],\n",
       "       [9.89838487e-03, 9.00639265e-01, 8.94623503e-02],\n",
       "       [7.78752152e-03, 9.38753737e-01, 5.34587415e-02],\n",
       "       [9.66251302e-03, 7.01064179e-01, 2.89273308e-01],\n",
       "       [5.95854712e-03, 9.83367904e-01, 1.06735494e-02],\n",
       "       [6.05054316e-03, 8.84432490e-01, 1.09516967e-01],\n",
       "       [5.25794419e-03, 9.51744959e-01, 4.29970969e-02],\n",
       "       [8.40350723e-03, 8.19058821e-01, 1.72537671e-01],\n",
       "       [4.81838282e-02, 9.40777179e-01, 1.10389927e-02],\n",
       "       [6.49750132e-03, 9.45039500e-01, 4.84629989e-02],\n",
       "       [1.00560962e-02, 9.80272745e-01, 9.67115829e-03],\n",
       "       [1.91448342e-02, 9.74856424e-01, 5.99874140e-03],\n",
       "       [7.36681680e-03, 9.73450480e-01, 1.91827031e-02],\n",
       "       [6.49975487e-03, 9.89695119e-01, 3.80512628e-03],\n",
       "       [5.77432595e-03, 8.75990306e-01, 1.18235369e-01],\n",
       "       [2.13104341e-02, 9.73290610e-01, 5.39895601e-03],\n",
       "       [8.85399544e-03, 9.66218652e-01, 2.49273524e-02],\n",
       "       [6.34399501e-03, 9.14654901e-01, 7.90011037e-02],\n",
       "       [8.32222031e-03, 9.87845108e-01, 3.83267210e-03],\n",
       "       [5.07829573e-03, 8.69477976e-01, 1.25443728e-01],\n",
       "       [8.96494667e-03, 9.87139021e-01, 3.89603211e-03],\n",
       "       [9.86249432e-03, 5.15529532e-01, 4.74607974e-01],\n",
       "       [8.62012306e-03, 9.86260675e-01, 5.11920199e-03],\n",
       "       [7.50357599e-03, 5.71904209e-01, 4.20592215e-01],\n",
       "       [5.14591325e-03, 9.32247786e-01, 6.26063003e-02],\n",
       "       [7.21511884e-03, 9.79662899e-01, 1.31219826e-02],\n",
       "       [7.64453005e-03, 9.65748921e-01, 2.66065486e-02],\n",
       "       [7.37150587e-03, 8.17002717e-01, 1.75625777e-01],\n",
       "       [9.71281282e-03, 3.69867204e-01, 6.20419983e-01],\n",
       "       [5.69077822e-03, 9.21388510e-01, 7.29207118e-02],\n",
       "       [2.54586752e-02, 9.68675186e-01, 5.86613871e-03],\n",
       "       [1.00942566e-02, 9.86041821e-01, 3.86392217e-03],\n",
       "       [1.36692047e-02, 9.82596234e-01, 3.73456106e-03],\n",
       "       [9.72046809e-03, 9.86392954e-01, 3.88657787e-03],\n",
       "       [8.67230630e-03, 2.67643213e-01, 7.23684481e-01],\n",
       "       [6.77225772e-03, 9.05997308e-01, 8.72304341e-02],\n",
       "       [8.74053242e-03, 9.17003095e-01, 7.42563729e-02],\n",
       "       [7.86945091e-03, 8.58286986e-01, 1.33843563e-01],\n",
       "       [4.44183729e-03, 9.59995508e-01, 3.55626549e-02],\n",
       "       [9.42168275e-03, 9.82569709e-01, 8.00860806e-03],\n",
       "       [6.84506482e-03, 9.84372410e-01, 8.78252489e-03],\n",
       "       [5.08061932e-03, 9.68468111e-01, 2.64512700e-02],\n",
       "       [5.95777075e-03, 9.23442217e-01, 7.06000119e-02],\n",
       "       [7.52322326e-03, 9.87480720e-01, 4.99605716e-03],\n",
       "       [4.10124717e-02, 9.49415094e-01, 9.57243476e-03],\n",
       "       [6.13650332e-03, 9.79753089e-01, 1.41104075e-02],\n",
       "       [8.63101091e-03, 9.83610952e-01, 7.75803683e-03],\n",
       "       [7.31264499e-03, 9.81374427e-01, 1.13129279e-02],\n",
       "       [6.78120814e-03, 9.79583622e-01, 1.36351695e-02],\n",
       "       [9.45314735e-02, 8.87849627e-01, 1.76188992e-02],\n",
       "       [7.49598562e-03, 9.84069047e-01, 8.43496712e-03],\n",
       "       [6.50110520e-03, 6.70863035e-04, 9.92828032e-01],\n",
       "       [8.82060042e-03, 9.51216979e-02, 8.96057702e-01],\n",
       "       [7.62775955e-03, 2.73356696e-03, 9.89638673e-01],\n",
       "       [7.02499391e-03, 1.81187447e-02, 9.74856261e-01],\n",
       "       [6.31612635e-03, 2.12971464e-03, 9.91554159e-01],\n",
       "       [1.12432879e-02, 1.31597046e-03, 9.87440742e-01],\n",
       "       [1.04599207e-02, 6.95507908e-01, 2.94032171e-01],\n",
       "       [8.86474304e-03, 2.16712005e-03, 9.88968137e-01],\n",
       "       [6.99259098e-03, 6.56220410e-03, 9.86445205e-01],\n",
       "       [9.43399041e-03, 1.29153283e-03, 9.89274477e-01],\n",
       "       [9.64598487e-03, 1.08416928e-01, 8.81937087e-01],\n",
       "       [8.09614663e-03, 4.22837928e-02, 9.49620061e-01],\n",
       "       [7.60341901e-03, 1.14860851e-02, 9.80910496e-01],\n",
       "       [9.27549564e-03, 8.80473275e-02, 9.02677177e-01],\n",
       "       [8.32340773e-03, 1.68070039e-02, 9.74869588e-01],\n",
       "       [7.98637590e-03, 1.45051773e-02, 9.77508447e-01],\n",
       "       [7.76568234e-03, 3.19841693e-02, 9.60250148e-01],\n",
       "       [1.51858348e-02, 2.43896506e-03, 9.82375200e-01],\n",
       "       [1.43467969e-02, 1.59414761e-03, 9.84059056e-01],\n",
       "       [8.64054224e-03, 3.70705697e-01, 6.20653761e-01],\n",
       "       [7.50324596e-03, 3.19723356e-03, 9.89299520e-01],\n",
       "       [1.02989182e-02, 1.63638274e-01, 8.26062808e-01],\n",
       "       [1.25313456e-02, 1.52881296e-03, 9.85939841e-01],\n",
       "       [9.07415543e-03, 3.17342582e-01, 6.73583263e-01],\n",
       "       [7.40821162e-03, 6.19194883e-03, 9.86399840e-01],\n",
       "       [8.65870675e-03, 6.25854929e-03, 9.85082744e-01],\n",
       "       [8.92586197e-03, 4.48446051e-01, 5.42628087e-01],\n",
       "       [9.42524158e-03, 3.64700778e-01, 6.25873981e-01],\n",
       "       [6.48613428e-03, 5.60800859e-03, 9.87905857e-01],\n",
       "       [9.14259884e-03, 2.32509660e-02, 9.67606435e-01],\n",
       "       [8.96783916e-03, 2.91035367e-03, 9.88121807e-01],\n",
       "       [1.57818550e-02, 4.49535010e-03, 9.79722795e-01],\n",
       "       [6.39631179e-03, 3.94437646e-03, 9.89659312e-01],\n",
       "       [8.47622587e-03, 3.88977852e-01, 6.02545922e-01],\n",
       "       [8.77314686e-03, 6.42066516e-02, 9.27020202e-01],\n",
       "       [1.06861772e-02, 1.81235523e-03, 9.87501468e-01],\n",
       "       [7.27044504e-03, 3.47040683e-03, 9.89259148e-01],\n",
       "       [7.87414408e-03, 3.40656009e-02, 9.58060255e-01],\n",
       "       [9.26401480e-03, 4.79322686e-01, 5.11413299e-01],\n",
       "       [8.40733242e-03, 2.01235959e-02, 9.71469072e-01],\n",
       "       [7.08455659e-03, 2.87191717e-03, 9.90043526e-01],\n",
       "       [9.92992565e-03, 3.75900758e-02, 9.52479999e-01],\n",
       "       [8.82060042e-03, 9.51216979e-02, 8.96057702e-01],\n",
       "       [6.98609207e-03, 1.51585682e-03, 9.91498051e-01],\n",
       "       [7.29736992e-03, 1.80647525e-03, 9.90896155e-01],\n",
       "       [8.51633886e-03, 2.07197559e-02, 9.70763905e-01],\n",
       "       [8.98961213e-03, 1.38470141e-01, 8.52540247e-01],\n",
       "       [9.18497344e-03, 5.88495226e-02, 9.31965504e-01],\n",
       "       [8.00927513e-03, 1.10309012e-02, 9.80959824e-01],\n",
       "       [9.25453259e-03, 1.70671674e-01, 8.20073794e-01]])"
      ]
     },
     "execution_count": 7,
     "metadata": {},
     "output_type": "execute_result"
    }
   ],
   "source": [
    "y_pred = model_load.predict(X)\n",
    "y_pred"
   ]
  },
  {
   "cell_type": "markdown",
   "metadata": {},
   "source": [
    "## Test API"
   ]
  },
  {
   "cell_type": "code",
   "execution_count": 8,
   "metadata": {},
   "outputs": [
    {
     "name": "stdout",
     "output_type": "stream",
     "text": [
      "[0.97765681 0.01416892 0.00817427]\n"
     ]
    }
   ],
   "source": [
    "iris_api = IrisAPI()\n",
    "iris_api.instantiate()\n",
    "x = iris_api.preprocess(X[0])\n",
    "if not iris_api.check_preprocess(x):\n",
    "    print(\"x is not at the right format\")\n",
    "else:\n",
    "    y_pred = iris_api.predict(x)\n",
    "    print(y_pred)"
   ]
  },
  {
   "cell_type": "code",
   "execution_count": 9,
   "metadata": {},
   "outputs": [
    {
     "data": {
      "text/plain": [
       "0.9776568082499995"
      ]
     },
     "execution_count": 9,
     "metadata": {},
     "output_type": "execute_result"
    }
   ],
   "source": [
    "y_pred[0]"
   ]
  },
  {
   "cell_type": "markdown",
   "metadata": {},
   "source": [
    "## Webservice"
   ]
  },
  {
   "cell_type": "code",
   "execution_count": 10,
   "metadata": {},
   "outputs": [
    {
     "name": "stdout",
     "output_type": "stream",
     "text": [
      "Iris API loaded!"
     ]
    }
   ],
   "source": [
    "!curl 0.0.0.0:8899/init_predict -H 'Content-Type: application/json'"
   ]
  },
  {
   "cell_type": "code",
   "execution_count": 11,
   "metadata": {},
   "outputs": [
    {
     "name": "stdout",
     "output_type": "stream",
     "text": [
      "{\"y_pred\":[0.9782986779170867,0.013735094852163647,0.007966227230749672]}\r\n"
     ]
    }
   ],
   "source": [
    "!curl 0.0.0.0:8899/predict -X GET -d '{\"x\":[5.1, 3.5, 1.4, 0.2]}' -H 'Content-Type: application/json'"
   ]
  }
 ],
 "metadata": {
  "kernelspec": {
   "display_name": "Python [conda env:deep_gpu]",
   "language": "python",
   "name": "conda-env-deep_gpu-py"
  },
  "language_info": {
   "codemirror_mode": {
    "name": "ipython",
    "version": 3
   },
   "file_extension": ".py",
   "mimetype": "text/x-python",
   "name": "python",
   "nbconvert_exporter": "python",
   "pygments_lexer": "ipython3",
   "version": "3.7.3"
  }
 },
 "nbformat": 4,
 "nbformat_minor": 2
}
